% THIS IS A SAMPLE OUTPUT OF THE gnssIR_lomb.py CODE
1. year
2. day of year
3. maxF is the peak reflector height (RH) in units of meters
4. satellite number (using naming convention from the documentation)
5. UTC time is in units of hours (but based on GPS time, so no leap seconds) 
6. mean Azimuth of the satellite track - degrees
7. amplitude of the peak periodogram - units of volts/volts
8. emin0 is the minimum observed elevation angle (degrees)
9. emax0 is the maximum observed elevation angle (degrees)
10. Number of observations used in the periodogram
11. Frequency - using naming convention from the documentation
12. is the satellite rising (1) or setting (-1)
13. EdotF - will define later
14. Peak to Noise ratio defined as column 3 value divided by mean periodogram value for user defined region
15. length of the satellite arc usd in the periodogram
16. Modified Julian Day
17. Was refraction correction applied (1 is yes)

%year, doy, maxF,sat,UTCtime, Azim, Amp,  eminO, emaxO,  Nv,freq,rise,EdotF, PkNoise  DelT     MJD   refr-appl
% (1)  (2)   (3) (4)  (5)     (6)   (7)    (8)    (9)   (10) (11) (12) (13)  (14)     (15)     (16)   (17)
%            m         hrs    deg   v/v    deg    deg                  hrs            min             1 is yes  
 2017   1  1.890   1  7.015  43.38  16.28   5.06  29.97  304  20 -1 -0.96044   6.66   75.75 57754.292269 0 
 2017   1  1.880   1  4.025 124.55  14.00   5.01  29.94  353  20  1  1.07405   5.34   88.00 57754.167708 0 
 2017   1  1.910   1 22.567 233.05  15.58   5.03  29.98  347  20 -1 -1.05101   5.41   86.50 57754.940266 0 
 2017   1  1.880   1 19.404 317.17  13.99   5.03  29.97  293  20  1  0.91873   4.81   73.00 57754.808495 0 
 2017   1  1.880   3  1.323 191.62  18.28   5.02  29.92  256  20 -1 -0.75805   6.09   63.75 57754.055116 0 
 2017   1  1.860   3 20.564 312.43  18.03   5.03  29.95  266  20  1  0.81237   5.40   67.25 57754.856840 0 
 2017   1  1.910   5 14.469  51.45  15.84   5.06  29.99  282  20 -1 -0.83928   5.47   70.25 57754.602859 0 
 2017   1  1.823   5  9.602 175.25  16.21   5.69  29.98  242  20  1  0.75281   6.10   60.25 57754.400081 0 
 2017   1  1.930   6 11.554  57.82  16.87   5.65  29.99  305  20 -1 -0.94593   5.47   76.00 57754.481424 0 
 2017   1  1.850   6  6.312 185.01  19.35   5.05  29.93  235  20  1  0.70125   6.24   58.50 57754.263021 0 
 2017   1  1.810   7  6.281 146.48  12.61   5.08  29.92  236  20 -1 -0.71746   5.64   58.75 57754.261713 0 
 2017   1  1.900   8  5.104  43.88  15.83   5.07  29.92  261  20 -1 -0.78716   5.27   65.00 57754.212674 0 
 2017   1  1.840   8  0.783 157.41  17.81   5.04  29.98  271  20  1  0.80320   5.71   67.50 57754.032639 0 
 2017   1  1.860  10 21.331 135.30  17.90   5.01  29.99  260  20 -1 -0.79298   5.86   64.75 57754.888796 0 
 2017   1  1.900  10 14.908 249.69  16.92   5.05  29.97  323  20  1  1.00515   6.61   80.50 57754.621169 0 
 2017   1  1.840  12 13.185 187.36  15.47   5.04  29.90  244  20 -1 -0.72538   6.40   60.75 57754.549387 0 
 2017   1  1.850  12  8.364 311.96  14.55   5.01  29.92  268  20  1  0.81935   4.91   68.00 57754.348507 0 
 2017   1  1.900  15 17.171  47.25  13.83   5.08  29.99  265  20 -1 -0.79611   6.22   66.00 57754.715451 0 
 2017   1  1.830  15 12.717 163.92  15.65   5.04  29.97  273  20  1  0.80648   5.83   68.00 57754.529861 0 
 2017   1  1.843  17  4.125 206.95  13.94   5.07  29.91  233  20  1  0.70670   5.79   58.00 57754.171875 0 
 2017   1  1.890  24 18.575  46.32  14.88   6.23  29.98  319  20 -1 -1.10959   6.16   79.50 57754.773947 0 
 2017   1  1.890  24 15.849 120.00  14.14   5.03  29.97  379  20  1  1.21141   5.33   96.50 57754.660382 0 
 2017   1  1.880  24 10.438 229.34  17.65   5.03  29.96  347  20 -1 -1.04522   5.98   86.50 57754.434896 0 
 2017   1  1.883  24  7.138 316.11  18.61   5.03  29.96  291  20  1  0.90839   6.08   72.50 57754.297396 0 
 2017   1  1.860  25 14.044 210.01  16.89   5.00  29.98  284  20 -1 -0.84063   6.18   70.75 57754.585150 0 
 2017   1  1.873  25  9.985 318.17  17.35   5.09  29.95  250  20  1  0.77989   5.67   63.25 57754.416042 0 
 2017   1  1.903  26  1.161  44.39  18.00   5.05  29.91  258  20 -1 -0.79143   5.50   65.00 57754.048356 0 
 2017   1  1.830  26 20.748 158.53  15.34   5.01  29.96  272  20  1  0.80377   5.14   67.75 57754.864491 0 
 2017   1  1.903  27  3.469  41.74  15.73   5.01  29.95  280  20 -1 -0.86536   5.70   69.75 57754.144525 0 
 2017   1  1.920  27 18.602 242.66  15.98   5.01  30.00  382  20 -1 -1.18080   6.13   95.25 57754.775081 0 
 2017   1  1.870  27 15.868 315.79  17.96   5.02  29.97  324  20  1  1.06602   5.53   81.75 57754.661181 0 
 2017   1  1.830  29 16.306 173.19  15.68   5.02  29.92  232  20 -1 -0.69207   6.00   57.75 57754.679421 0 
 2017   1  1.833  29 10.985 300.57  12.16   5.00  29.95  322  20  1  0.95345   4.58   80.25 57754.457720 0 
 2017   1  1.843  30  7.558 161.03  15.64   5.07  29.95  233  20 -1 -0.70049   6.06   58.00 57754.314931 0 
 2017   1  1.873  30  1.823 285.98  15.01   5.04  29.97  354  20  1  1.07656   5.74   88.75 57754.075937 0 
 2017   1  1.860  31 18.421 184.94  14.65   5.03  29.97  231  20  1  0.68808   5.92   57.50 57754.767535 0 
 2017   1  1.840  32 16.042 209.62  20.47   5.04  29.89  239  20  1  0.72285   6.45   59.50 57754.668403 0 
