% calculated on 2020-05-20 22:18 
% year doy   RH    numval month day RH-sigma
% year doy   (m)                      (m)
% (1)  (2)   (3)    (4)    (5)  (6)   (7)
 2018   332   2.621 135   11   28   0.077 
 2018   333   2.627 141   11   29   0.077 
 2018   334   2.630 136   11   30   0.080 
 2018   335   2.625 136   12    1   0.075 
 2018   336   2.629 139   12    2   0.078 
 2018   337   2.631 144   12    3   0.079 
 2018   338   2.605 139   12    4   0.075 
 2018   339   2.598 136   12    5   0.071 
 2018   340   2.598 136   12    6   0.071 
 2018   341   2.597 131   12    7   0.072 
 2018   342   2.597 134   12    8   0.068 
 2018   343   2.601 140   12    9   0.074 
 2018   344   2.596 140   12   10   0.071 
 2018   345   2.594 139   12   11   0.069 
 2018   346   2.595 136   12   12   0.067 
 2018   347   2.591 139   12   13   0.069 
 2018   348   2.583 139   12   14   0.071 
 2018   349   2.590 148   12   15   0.078 
 2018   350   2.590 145   12   16   0.087 
 2018   351   2.584 142   12   17   0.073 
 2018   352   2.591 141   12   18   0.079 
 2018   353   2.587 138   12   19   0.074 
 2018   354   2.598 137   12   20   0.081 
 2018   355   2.621 136   12   21   0.080 
 2018   356   2.619 143   12   22   0.084 
 2018   357   2.623 145   12   23   0.080 
 2018   358   2.627 147   12   24   0.086 
 2018   359   2.631 146   12   25   0.080 
 2018   360   2.633 149   12   26   0.081 
 2018   361   2.596 143   12   27   0.082 
 2018   362   2.594 140   12   28   0.074 
 2018   363   2.601 143   12   29   0.076 
 2018   364   2.600 145   12   30   0.075 
 2018   365   2.601 146   12   31   0.081 
 2019     1   2.605 147    1    1   0.081 
 2019     2   2.606 148    1    2   0.078 
 2019     3   2.606 147    1    3   0.079 
 2019     4   2.608 146    1    4   0.080 
 2019     5   2.612 148    1    5   0.080 
 2019     6   2.610 152    1    6   0.082 
 2019     7   2.605 147    1    7   0.081 
 2019     8   2.601 149    1    8   0.076 
 2019     9   2.600 147    1    9   0.075 
 2019    10   2.603 138    1   10   0.077 
 2019    11   2.604 146    1   11   0.079 
 2019    12   2.604 153    1   12   0.077 
 2019    13   2.597 149    1   13   0.074 
 2019    14   2.586 145    1   14   0.073 
 2019    15   2.584 144    1   15   0.067 
 2019    16   2.587 141    1   16   0.070 
 2019    17   2.567 146    1   17   0.092 
 2019    18   2.602 151    1   18   0.081 
 2019    19   2.603 154    1   19   0.081 
 2019    20   2.601 148    1   20   0.076 
 2019    21   2.599 147    1   21   0.077 
 2019    22   2.596 157    1   22   0.082 
 2019    23   2.597 148    1   23   0.082 
 2019    24   2.595 144    1   24   0.080 
 2019    25   2.600 147    1   25   0.083 
 2019    26   2.600 147    1   26   0.084 
 2019    27   2.599 145    1   27   0.082 
 2019    28   2.601 150    1   28   0.085 
 2019    29   2.594 148    1   29   0.084 
 2019    30   2.590 145    1   30   0.079 
 2019    31   2.587 147    1   31   0.079 
 2019    32   2.588 117    2    1   0.076 
 2019    33   2.580 126    2    2   0.073 
 2019    34   2.567 143    2    3   0.069 
 2019    35   2.586 146    2    4   0.063 
 2019    36   2.577 134    2    5   0.074 
 2019    37   2.582 149    2    6   0.075 
 2019    38   2.552 139    2    7   0.070 
 2019    39   2.558 144    2    8   0.067 
 2019    40   2.557 144    2    9   0.063 
 2019    41   2.555 143    2   10   0.064 
 2019    42   2.555 149    2   11   0.064 
 2019    43   2.554 142    2   12   0.064 
 2019    44   2.553 144    2   13   0.062 
 2019    45   2.553 142    2   14   0.063 
 2019    46   2.557 148    2   15   0.064 
 2019    47   2.557 142    2   16   0.063 
 2019    48   2.560 145    2   17   0.066 
 2019    49   2.561 147    2   18   0.062 
 2019    50   2.537 142    2   19   0.078 
 2019    51   2.544 146    2   20   0.078 
 2019    52   2.547 147    2   21   0.078 
 2019    53   2.545 145    2   22   0.077 
 2019    54   2.546 142    2   23   0.073 
 2019    55   2.553 145    2   24   0.076 
 2019    56   2.546 140    2   25   0.069 
 2019    62   2.475 131    3    3   0.112 
 2019    63   2.433 125    3    4   0.109 
 2019    64   2.404 126    3    5   0.109 
 2019    65   2.420 134    3    6   0.107 
 2019    66   2.417 132    3    7   0.101 
 2019    67   2.414 137    3    8   0.100 
 2019    68   2.410 138    3    9   0.099 
 2019    69   2.412 138    3   10   0.100 
 2019    70   2.415 134    3   11   0.097 
 2019    71   2.410 139    3   12   0.099 
 2019    72   2.419 140    3   13   0.101 
 2019    73   2.410 147    3   14   0.104 
 2019    74   2.416 141    3   15   0.102 
 2019    75   2.410 143    3   16   0.099 
 2019    76   2.411 141    3   17   0.099 
 2019    77   2.412 142    3   18   0.101 
 2019    78   2.411 145    3   19   0.101 
 2019    79   2.409 145    3   20   0.101 
 2019    80   2.404 140    3   21   0.101 
 2019    81   2.414 141    3   22   0.097 
 2019    82   2.411 141    3   23   0.100 
 2019    83   2.421 135    3   24   0.101 
 2019    84   2.425 143    3   25   0.098 
 2019    85   2.415 144    3   26   0.098 
 2019    86   2.413 138    3   27   0.095 
 2019    87   2.415 146    3   28   0.099 
 2019    88   2.418 143    3   29   0.093 
 2019    89   2.411 146    3   30   0.097 
 2019    90   2.412 147    3   31   0.096 
 2019    91   2.416 146    4    1   0.095 
 2019    92   2.415 142    4    2   0.094 
 2019    93   2.413 140    4    3   0.091 
 2019    94   2.412 140    4    4   0.094 
 2019    95   2.410 146    4    5   0.093 
 2019    96   2.407 146    4    6   0.096 
 2019    97   2.411 143    4    7   0.097 
 2019    98   2.399 148    4    8   0.093 
 2019    99   2.402 148    4    9   0.094 
 2019   100   2.398 149    4   10   0.093 
 2019   101   2.396 148    4   11   0.096 
 2019   102   2.396 147    4   12   0.094 
 2019   103   2.390 145    4   13   0.086 
 2019   104   2.395 143    4   14   0.088 
 2019   105   2.389 143    4   15   0.089 
 2019   106   2.384 142    4   16   0.092 
 2019   107   2.391 138    4   17   0.100 
 2019   108   2.377 132    4   18   0.093 
 2019   109   2.392 135    4   19   0.096 
 2019   110   2.388 135    4   20   0.094 
 2019   111   2.389 137    4   21   0.094 
 2019   112   2.389 139    4   22   0.097 
 2019   113   2.393 141    4   23   0.095 
 2019   114   2.391 141    4   24   0.098 
 2019   115   2.392 136    4   25   0.100 
 2019   116   2.386 136    4   26   0.093 
 2019   117   2.380 140    4   27   0.089 
 2019   118   2.383 142    4   28   0.093 
 2019   119   2.380 144    4   29   0.091 
 2019   120   2.378 141    4   30   0.090 
 2019   121   2.379 145    5    1   0.090 
 2019   122   2.376 148    5    2   0.090 
 2019   123   2.379 141    5    3   0.088 
 2019   124   2.368 145    5    4   0.086 
 2019   125   2.363 140    5    5   0.087 
 2019   126   2.353 146    5    6   0.089 
 2019   127   2.351 142    5    7   0.082 
 2019   128   2.362 142    5    8   0.087 
 2019   129   2.358 142    5    9   0.088 
 2019   130   2.358 135    5   10   0.084 
 2019   131   2.354 135    5   11   0.080 
 2019   132   2.349 137    5   12   0.085 
 2019   133   2.350 137    5   13   0.082 
 2019   134   2.351 132    5   14   0.080 
 2019   135   2.358 136    5   15   0.085 
 2019   136   2.343 134    5   16   0.080 
 2019   137   2.344 139    5   17   0.078 
 2019   138   2.349 132    5   18   0.076 
 2019   139   2.354 139    5   19   0.081 
 2019   140   2.335 128    5   20   0.084 
 2019   141   2.350 132    5   21   0.084 
 2019   142   2.300 113    5   22   0.111 
 2019   143   2.238 115    5   23   0.095 
 2019   144   2.229 140    5   24   0.066 
 2019   145   2.223 128    5   25   0.066 
 2019   146   2.226 130    5   26   0.067 
 2019   147   2.233 134    5   27   0.061 
 2019   148   2.232 134    5   28   0.081 
 2019   149   2.225 136    5   29   0.069 
 2019   150   2.221 147    5   30   0.062 
 2019   151   2.223 149    5   31   0.062 
 2019   152   2.223 151    6    1   0.064 
 2019   153   2.225 149    6    2   0.060 
 2019   154   2.226 151    6    3   0.068 
 2019   155   2.227 148    6    4   0.067 
 2019   156   2.228 152    6    5   0.065 
 2019   157   2.227 147    6    6   0.069 
 2019   158   2.224 142    6    7   0.063 
 2019   159   2.228 144    6    8   0.060 
 2019   160   2.222 142    6    9   0.071 
 2019   161   2.229 146    6   10   0.073 
 2019   162   2.223 127    6   11   0.083 
 2019   163   2.227 132    6   12   0.073 
 2019   164   2.224 134    6   13   0.075 
 2019   165   2.219 139    6   14   0.076 
 2019   166   2.208 135    6   15   0.079 
 2019   167   2.190 140    6   16   0.077 
 2019   168   2.193 140    6   17   0.075 
 2019   169   2.211 130    6   18   0.080 
 2019   170   2.225 125    6   19   0.077 
 2019   171   2.224 126    6   20   0.078 
 2019   172   2.220 124    6   21   0.072 
 2019   173   2.225 123    6   22   0.082 
 2019   174   2.216 120    6   23   0.075 
 2019   175   2.205 123    6   24   0.082 
 2019   176   2.214 115    6   25   0.086 
 2019   177   2.149 133    6   26   0.084 
 2019   178   2.138 127    6   27   0.089 
 2019   179   2.146 127    6   28   0.096 
 2019   180   2.145 128    6   29   0.090 
 2019   181   2.134 132    6   30   0.096 
 2019   182   2.144 136    7    1   0.093 
 2019   183   2.141 138    7    2   0.084 
 2019   184   2.144 136    7    3   0.085 
 2019   185   2.143 137    7    4   0.086 
 2019   186   2.145 138    7    5   0.090 
 2019   187   2.150 134    7    6   0.086 
 2019   188   2.147 135    7    7   0.086 
 2019   189   2.154 134    7    8   0.088 
 2019   190   2.153 136    7    9   0.084 
 2019   191   2.151 138    7   10   0.086 
 2019   192   2.150 138    7   11   0.087 
 2019   193   2.157 135    7   12   0.087 
 2019   194   2.157 136    7   13   0.087 
 2019   195   2.155 134    7   14   0.088 
 2019   196   2.157 131    7   15   0.084 
 2019   197   2.157 139    7   16   0.086 
 2019   198   2.160 132    7   17   0.087 
 2019   199   2.156 135    7   18   0.083 
 2019   200   2.158 139    7   19   0.086 
 2019   201   2.155 139    7   20   0.084 
 2019   202   2.152 136    7   21   0.085 
 2019   203   2.152 134    7   22   0.085 
 2019   204   2.156 137    7   23   0.087 
 2019   205   2.155 130    7   24   0.084 
 2019   206   2.156 135    7   25   0.082 
 2019   207   2.155 132    7   26   0.083 
 2019   208   2.154 135    7   27   0.090 
 2019   209   2.151 134    7   28   0.086 
 2019   210   2.157 126    7   29   0.084 
 2019   211   2.152 136    7   30   0.089 
 2019   212   2.151 129    7   31   0.087 
 2019   213   2.154 130    8    1   0.086 
 2019   214   2.159 130    8    2   0.086 
 2019   215   2.158 134    8    3   0.086 
 2019   216   2.150 134    8    4   0.085 
 2019   217   2.151 128    8    5   0.082 
 2019   218   2.156 130    8    6   0.084 
 2019   219   2.157 127    8    7   0.084 
 2019   220   2.159 113    8    8   0.086 
 2019   221   2.154 138    8    9   0.085 
 2019   222   2.157 137    8   10   0.085 
 2019   223   2.162 139    8   11   0.085 
 2019   224   2.157 142    8   12   0.083 
 2019   225   2.156 144    8   13   0.083 
 2019   226   2.157 145    8   14   0.085 
 2019   227   2.155 144    8   15   0.082 
 2019   228   2.158 138    8   16   0.082 
 2019   229   2.157 140    8   17   0.080 
 2019   230   2.158 140    8   18   0.080 
 2019   231   2.163 139    8   19   0.082 
 2019   232   2.160 140    8   20   0.082 
 2019   233   2.162 142    8   21   0.084 
 2019   297   2.118 141   10   24   0.085 
 2019   298   2.116 141   10   25   0.086 
 2019   299   2.117 143   10   26   0.087 
 2019   300   2.120 141   10   27   0.088 
 2019   301   2.110 143   10   28   0.090 
 2019   302   2.115 146   10   29   0.088 
 2019   303   2.115 145   10   30   0.084 
 2019   304   2.114 135   10   31   0.087 
 2019   305   2.119 127   11    1   0.084 
 2019   306   2.121 135   11    2   0.091 
 2019   307   2.123 141   11    3   0.085 
 2019   308   2.123 138   11    4   0.091 
 2019   309   2.123 132   11    5   0.086 
 2019   310   2.123 138   11    6   0.086 
 2019   311   2.128 137   11    7   0.080 
 2019   312   2.122 139   11    8   0.091 
 2019   313   2.123 141   11    9   0.087 
 2019   314   2.128 140   11   10   0.085 
 2019   315   2.124 143   11   11   0.093 
 2019   316   2.125 140   11   12   0.090 
 2019   317   2.131 140   11   13   0.091 
 2019   318   2.133 141   11   14   0.083 
